Weights: [0.168624434, 0.0878742212, -0.489084351, 2.0022515, 0.638641815, 0.0861142893, 2.58266422, 0.551619125, 0.322838024, 0.189729717, -0.205130049, -0.00209477447, -0.704579409, 0.238674211, 0.775366149, 0.892108687, 1.05073375, -0.500320199, 0.129213659, 0.723396663, 0.534089878, 1.12226033, 1.3124478, 0.991862956, -2.97933808, -0.930886788, -3.91548658, 2.20576986, -0.742033508, -0.526684289, -0.0970262636, 0.542538584, -0.355434885, 1.51477024, -2.08515454, -0.0329848836, -0.635953337, 0.953206598, -0.154833383, -0.582468734, -0.638042976, -1.82210188, 0.219022062, -0.94623703, -0.814197176, -1.859789, 1.19291073, -1.73130948, -0.360623544, -0.0623335039, 0.283253051, 0.509460324, 1.64177372, -0.324861994]

Bias: -1.9560245733645756